0.00011262
0.00025062
0.00041132
0.00056675
0.00071708
0.00086248
0.0010031
0.0011391
0.0012706
0.0013979
0.0015209
0.0016399
0.001755
0.0018664
0.001974
0.0020782
0.0021789
0.0022763
0.0023705
0.0024617
0.0025498
0.0026351
0.0027175
0.0027972
0.0028744
0.002949
0.0030211
0.0030909
0.0031584
0.0032236
0.0032868
0.0033478
0.0034069
0.003464
0.0035192
0.0035727
0.0036243
0.0036743
0.0037226
0.0037694
0.0038146
0.0038583
0.0039006
0.0039415
0.0039811
0.0040194
0.0040564
0.0040922
0.0041268
0.0041603
0.0041927
0.004224
0.0042543
0.0042836
0.004312
0.0043394
0.0043659
0.0043915
0.0044163
0.0044403
0.0044635
0.0044859
0.0045076
0.0045286
0.0045489
0.0045685
0.0045875
0.0046059
0.0046237
0.0046408

