12102.1169598
5864.39177052
3732.22782926
2783.96363364
2244.45925914
1895.15497994
1650.11283932
1468.51507085
1328.48862996
1217.06747494
1126.44242101
1051.19965674
987.750831318
933.50128026
886.686299139
845.788240717
809.833295445
777.96280519
749.531490752
723.995960702
700.993660718
680.129270927
661.168139704
643.8484438
627.950965853
613.347841571
599.891839649
587.439025522
575.898933265
565.192395998
555.203327704
545.90520472
537.201420729
529.062851459
521.435993601
514.259811512
507.531059093
501.183931741
495.207945106
489.557707126
484.226911087
479.186954609
474.411647555
469.887897881
465.592898383
461.516132803
457.647878875
453.968957752
450.471541646
447.138488024
443.963483803
440.9406453
438.055028651
435.301889374
432.66757348
430.15736465
427.758358045
425.467204627
423.271943445
421.169896836
419.158528982
417.23545454
415.389958141
413.620149076
411.924230124
410.300512844
408.739200458
407.23897317
405.798561918
404.424779453

12102.1169598
 5864.39177052
 3732.22782926
 2783.96363364
 2244.45925914
 1895.15497994
 1650.11283932
 1468.51507085
 1328.48862996
 1217.06747494
 1126.44242101
 1051.19965674
 987.750831318
 933.50128026
 886.686299139
 845.788240717
 809.833295445
 777.96280519
 749.531490752
 723.995960702
 700.993660718
 680.129270927
 661.168139704
 643.8484438
 627.950965853
 613.347841571
 599.891839649
 587.439025522
 575.898933265
 565.192395998
 555.203327704
 545.90520472
 537.201420729
 529.062851459
 521.435993601
 514.259811512
 507.531059093
 501.183931741
 495.207945106
 489.557707126
 484.226911087
 479.186954609
 474.411647555
 469.887897881
 465.592898383
 461.516132803
 457.647878875
 453.968957752
 450.471541646
 447.138488024
 443.963483803
 440.9406453
 438.055028651
 435.301889374
 432.66757348
 430.15736465
 427.758358045
 425.467204627
 423.271943445
 421.169896836
 419.158528982
 417.23545454
 415.389958141
 413.620149076
 411.924230124
 410.300512844
 408.739200458
 407.23897317
 405.798561918
 404.424779453
 