707.169136013
177.152358234
74.6863772928
42.6474159485
28.2523020654
20.4458671972
15.6909486397
12.5558220721
10.3667325896
8.76818517929
7.56242131498
6.62612572509
5.882568446
5.28036507632
4.78567400105
4.37253651988
4.02405265686
3.72671601208
3.47066637932
3.24811616685
3.0536740776
2.88226161468
2.73058667258
2.59546330004
2.47431761328
2.36547164789
2.26724530426
2.17811389472
2.09703870246
2.02313245477
1.95532013531
1.89319003208
1.83589897706
1.78308849983
1.73426617689
1.68891945582
1.64692093702
1.6077669559
1.5713133615
1.53721376812
1.50536932737
1.47555478866
1.4475683983
1.42129214287
1.3965571385
1.37327062315
1.35134786579
1.3306542953
1.31112294177
1.29263770552
1.27514547842
1.25859724667
1.24289643555
1.22800409959
1.21383468158
1.20040580758
1.18763844122
1.17550585828
1.16393682786
1.15291019006
1.14240610382
1.13240600647
1.12284876173
1.11371977039
1.10500527996
1.09669238893
1.08872724232
1.08109980937
1.07380057163
1.06686094623

707.169136013
 177.152358234
 74.6863772928
 42.6474159485
 28.2523020654
 20.4458671972
 15.6909486397
 12.5558220721
 10.3667325896
 8.76818517929
 7.56242131498
 6.62612572509
 5.882568446
 5.28036507632
 4.78567400105
 4.37253651988
 4.02405265686
 3.72671601208
 3.47066637932
 3.24811616685
 3.0536740776
 2.88226161468
 2.73058667258
 2.59546330004
 2.47431761328
 2.36547164789
 2.26724530426
 2.17811389472
 2.09703870246
 2.02313245477
 1.95532013531
 1.89319003208
 1.83589897706
 1.78308849983
 1.73426617689
 1.68891945582
 1.64692093702
 1.6077669559
 1.5713133615
 1.53721376812
 1.50536932737
 1.47555478866
 1.4475683983
 1.42129214287
 1.3965571385
 1.37327062315
 1.35134786579
 1.3306542953
 1.31112294177
 1.29263770552
 1.27514547842
 1.25859724667
 1.24289643555
 1.22800409959
 1.21383468158
 1.20040580758
 1.18763844122
 1.17550585828
 1.16393682786
 1.15291019006
 1.14240610382
 1.13240600647
 1.12284876173
 1.11371977039
 1.10500527996
 1.09669238893
 1.08872724232
 1.08109980937
 1.07380057163
 1.06686094623
 